# relative_time, cycles_done, cur_item, corpus_count, pending_total, pending_favs, map_size, saved_crashes, saved_hangs, max_depth, execs_per_sec, total_execs, edges_found, total_crashes, servers_count
65, 0, 0, 4, 4, 1, 4.06%, 0, 0, 2, 1.20, 91, 2659, 0, 0
78, 0, 0, 5, 5, 1, 4.06%, 0, 0, 2, 1.19, 106, 2663, 0, 0
89, 0, 0, 6, 6, 1, 4.06%, 0, 0, 2, 1.19, 119, 2664, 0, 0
105, 0, 0, 7, 7, 1, 4.07%, 0, 0, 2, 1.20, 138, 2665, 0, 0
119, 0, 0, 8, 8, 1, 4.07%, 0, 0, 2, 1.21, 156, 2667, 0, 0
132, 0, 0, 9, 9, 1, 4.07%, 0, 0, 2, 1.21, 171, 2668, 0, 0
146, 0, 0, 10, 10, 1, 4.08%, 0, 0, 2, 1.20, 187, 2672, 0, 0
151, 0, 0, 10, 10, 1, 4.08%, 0, 0, 2, 1.20, 194, 2672, 0, 0
157, 0, 0, 10, 10, 1, 4.08%, 0, 0, 2, 1.21, 201, 2672, 0, 0
173, 0, 0, 11, 11, 1, 4.08%, 0, 0, 2, 1.20, 219, 2673, 0, 0
178, 0, 0, 11, 11, 1, 4.08%, 0, 0, 2, 1.18, 225, 2673, 0, 0
184, 0, 0, 11, 11, 1, 4.08%, 0, 0, 2, 1.22, 232, 2673, 0, 0
195, 0, 0, 12, 12, 1, 4.08%, 0, 0, 2, 1.22, 245, 2675, 0, 0
200, 0, 0, 12, 12, 1, 4.08%, 0, 0, 2, 1.21, 251, 2675, 0, 0
205, 0, 0, 12, 12, 1, 4.08%, 0, 0, 2, 1.22, 258, 2675, 0, 0
211, 0, 0, 12, 12, 1, 4.08%, 0, 0, 2, 1.22, 265, 2675, 0, 0
217, 0, 0, 12, 12, 1, 4.08%, 0, 0, 2, 1.25, 272, 2675, 0, 0
222, 0, 0, 12, 12, 1, 4.08%, 0, 0, 2, 1.24, 279, 2675, 0, 0
228, 0, 0, 12, 12, 1, 4.08%, 0, 0, 2, 1.23, 286, 2675, 0, 0
234, 0, 0, 12, 12, 1, 4.08%, 0, 0, 2, 1.23, 293, 2675, 0, 0
239, 0, 0, 12, 12, 1, 4.08%, 0, 0, 2, 1.23, 300, 2675, 0, 0
245, 0, 0, 12, 12, 1, 4.08%, 0, 0, 2, 1.19, 306, 2675, 0, 0
256, 0, 0, 13, 13, 1, 4.08%, 0, 0, 2, 1.20, 320, 2677, 0, 0
269, 0, 0, 14, 14, 1, 4.09%, 0, 0, 2, 1.19, 335, 2678, 0, 0
282, 0, 0, 15, 15, 1, 4.09%, 0, 0, 2, 1.20, 351, 2679, 0, 0
288, 0, 0, 15, 15, 1, 4.09%, 0, 0, 2, 1.21, 358, 2679, 0, 0
300, 0, 0, 16, 16, 1, 4.09%, 0, 0, 2, 1.21, 372, 2680, 0, 0
313, 0, 0, 17, 17, 1, 4.09%, 0, 0, 2, 1.21, 388, 2681, 0, 0
318, 0, 0, 17, 17, 1, 4.09%, 0, 0, 2, 1.19, 394, 2681, 0, 0
323, 0, 0, 17, 17, 1, 4.09%, 0, 0, 2, 1.19, 400, 2681, 0, 0
336, 0, 0, 18, 18, 1, 4.09%, 0, 0, 2, 1.18, 416, 2682, 0, 0
347, 0, 0, 19, 19, 1, 4.09%, 0, 0, 2, 1.18, 429, 2683, 0, 0
353, 0, 0, 19, 19, 1, 4.09%, 0, 0, 2, 1.20, 436, 2683, 0, 0
359, 0, 0, 19, 19, 1, 4.09%, 0, 0, 2, 1.21, 443, 2683, 0, 0
364, 0, 0, 19, 19, 1, 4.09%, 0, 0, 2, 1.20, 449, 2683, 0, 0
369, 0, 0, 19, 19, 1, 4.09%, 0, 0, 2, 1.21, 456, 2683, 0, 0
375, 0, 0, 19, 19, 1, 4.09%, 0, 0, 2, 1.21, 463, 2683, 0, 0
388, 0, 0, 20, 20, 1, 4.10%, 0, 0, 2, 1.21, 478, 2685, 0, 0
402, 0, 0, 21, 21, 1, 4.10%, 0, 0, 2, 1.20, 495, 2686, 0, 0
408, 0, 0, 21, 21, 1, 4.10%, 0, 0, 2, 1.21, 502, 2686, 0, 0
413, 0, 0, 21, 21, 1, 4.10%, 0, 0, 2, 1.24, 509, 2686, 0, 0
419, 0, 0, 21, 21, 1, 4.10%, 0, 0, 2, 1.23, 516, 2686, 0, 0
424, 0, 0, 21, 21, 1, 4.10%, 0, 0, 2, 1.21, 522, 2686, 0, 0
429, 0, 0, 21, 21, 1, 4.10%, 0, 0, 2, 1.19, 528, 2686, 0, 0
435, 0, 0, 21, 21, 1, 4.10%, 0, 0, 2, 1.20, 535, 2686, 0, 0
441, 0, 0, 21, 21, 1, 4.10%, 0, 0, 2, 1.21, 542, 2686, 0, 0
447, 0, 0, 21, 21, 1, 4.10%, 0, 0, 2, 1.22, 549, 2686, 0, 0
452, 0, 0, 21, 21, 1, 4.10%, 0, 0, 2, 1.21, 556, 2686, 0, 0
458, 0, 0, 21, 21, 1, 4.10%, 0, 0, 2, 1.20, 562, 2686, 0, 0
463, 0, 0, 21, 21, 1, 4.10%, 0, 0, 2, 1.20, 569, 2686, 0, 0
469, 0, 0, 21, 21, 1, 4.10%, 0, 0, 2, 1.20, 575, 2686, 0, 0
474, 0, 0, 21, 21, 1, 4.10%, 0, 0, 2, 1.20, 581, 2686, 0, 0
479, 0, 0, 21, 21, 1, 4.10%, 0, 0, 2, 1.20, 588, 2686, 0, 0
484, 0, 0, 21, 21, 1, 4.10%, 0, 0, 2, 1.20, 594, 2686, 0, 0
489, 0, 0, 21, 21, 1, 4.10%, 0, 0, 2, 1.20, 600, 2686, 0, 0
495, 0, 0, 21, 21, 1, 4.10%, 0, 0, 2, 1.21, 607, 2686, 0, 0
501, 0, 0, 21, 21, 1, 4.10%, 0, 0, 2, 1.24, 614, 2686, 0, 0
506, 0, 0, 21, 21, 1, 4.10%, 0, 0, 2, 1.23, 621, 2686, 0, 0
512, 0, 0, 21, 21, 1, 4.10%, 0, 0, 2, 1.23, 627, 2686, 0, 0
517, 0, 0, 21, 21, 1, 4.10%, 0, 0, 2, 1.22, 634, 2686, 0, 0
522, 0, 0, 21, 21, 1, 4.10%, 0, 0, 2, 1.22, 640, 2686, 0, 0
528, 0, 0, 21, 21, 1, 4.10%, 0, 0, 2, 1.19, 646, 2686, 0, 0
533, 0, 0, 21, 21, 1, 4.10%, 0, 0, 2, 1.20, 653, 2686, 0, 0
539, 0, 0, 21, 21, 1, 4.10%, 0, 0, 2, 1.21, 660, 2686, 0, 0
545, 0, 0, 21, 21, 1, 4.10%, 0, 0, 2, 1.21, 667, 2686, 0, 0
551, 0, 0, 21, 21, 1, 4.10%, 0, 0, 2, 1.22, 674, 2686, 0, 0
556, 0, 0, 21, 21, 1, 4.10%, 0, 0, 2, 1.22, 681, 2686, 0, 0
562, 0, 0, 21, 21, 1, 4.10%, 0, 0, 2, 1.22, 688, 2686, 0, 0
567, 0, 0, 21, 21, 1, 4.10%, 0, 0, 2, 1.25, 695, 2686, 0, 0
572, 0, 0, 21, 21, 1, 4.10%, 0, 0, 2, 1.23, 701, 2686, 0, 0
578, 0, 0, 21, 21, 1, 4.10%, 0, 0, 2, 1.23, 708, 2686, 0, 0
584, 0, 0, 21, 21, 1, 4.10%, 0, 0, 2, 1.23, 715, 2686, 0, 0
590, 0, 0, 21, 21, 1, 4.10%, 0, 0, 2, 1.23, 722, 2686, 0, 0
595, 0, 0, 21, 21, 1, 4.10%, 0, 0, 2, 1.23, 729, 2686, 0, 0
601, 0, 0, 21, 21, 1, 4.10%, 0, 0, 2, 1.22, 736, 2686, 0, 0
607, 0, 0, 21, 21, 1, 4.10%, 0, 0, 2, 1.22, 743, 2686, 0, 0
612, 0, 0, 21, 21, 1, 4.10%, 0, 0, 2, 1.22, 750, 2686, 0, 0
617, 0, 0, 21, 21, 1, 4.10%, 0, 0, 2, 1.21, 756, 2686, 0, 0
623, 0, 0, 21, 21, 1, 4.10%, 1, 0, 2, 1.18, 762, 2686, 1, 0
629, 0, 0, 21, 21, 1, 4.10%, 1, 0, 2, 1.19, 769, 2686, 1, 0
634, 0, 0, 21, 21, 1, 4.10%, 1, 0, 2, 1.11, 773, 2686, 1, 0
640, 0, 0, 21, 21, 1, 4.10%, 1, 0, 2, 1.15, 780, 2686, 1, 0
645, 0, 0, 21, 21, 1, 4.10%, 1, 0, 2, 1.14, 786, 2686, 1, 0
650, 0, 0, 21, 21, 1, 4.10%, 1, 0, 2, 1.15, 792, 2686, 1, 0
655, 0, 0, 21, 21, 1, 4.10%, 1, 0, 2, 1.16, 798, 2686, 1, 0
